862
239
144
94
283
600
90
154
55
543
833
725
740
121
590
476
515
414
305
750
316
703
374
257
975
273
445
380
765
731
174
874
791
76
795
112
431
950
721
375
56
119
172
931
582
52
847
440
990
771
998
429
9
95
687
60
208
59
438
546
156
866
512
505
599
877
372
793
85
24
34
287
491
42
23
490
843
461
920
865
138
857
576
573
353
197
527
938
11
478
267
609
377
979
588
762
523
748
406
978
262
320
561
401
923
421
229
13
473
671
997
536
511
653
288
713
904
472
198
818
919
577
755
761
413
965
994
391
498
390
711
897
488
727
603
966
824
693
66
45
676
844
355
389
25
644
155
804
839
115
340
80
147
814
522
803
40
70
686
439
435
848
607
534
145
705
535
259
204
941
811
570
479
22
958
861
286
69
611
825
634
836
148
460
831
606
497
901
89
32
349
929
150
261
948
538
514
475
809
482
381
835
477
939
630
592
140
790
589
574
134
44
15
500
364
786
532
520
694
219
962
642
203
891
71
97
597
595
548
110
846
452
674
84
289
679
587
108
778
921
341
852
459
386
332
92
508
63
171
738
368
120
859
501
217
412
604
626
371
918
934
664
981
991
539
215
77
751
285
28
400
181
898
673
158
199
926
210
840
549
362
869
893
785
524
223
130
542
434
963
930
987
782
265
649
450
470
905
487
113
937
307
766
729
503
797
594
455
301
745
395
584
294
325
14
61
428
669
114
260
819
214
787
253
365
16
625
850
557
894
205
54
554
688
971
437
657
851
202
86
571
628
194
481
943
593
888
519
168
248
485
96
1000
560
250
403
566
182
276
972
436
133
821
12
854
753
796
387
193
91
102
999
293
183
752
426
318
116
820
896
241
640
872
876
249
419
916
410
735
327
832
547
767
845
48
624
699
184
681
633
627
247
956
863
418
871
46
109
884
702
860
272
238
911
668
506
528
251
190
551
689
231
222
33
635
744
690
185
942
162
678
983
734
486
805
837
342
417
622
968
565
443
672
881
343
128
430
143
122
777
344
448
502
605
221
468
798
858
618
509
131
384
424
952
407
29
770
161
382
398
763
339
494
667
308
264
111
591
216
483
578
135
828
696
914
638
49
263
596
207
51
159
420
137
142
303
802
655
764
324
889
759
394
883
432
775
4
716
81
654
299
537
47
333
20
359
304
367
973
922
279
550
856
620
62
641
105
65
800
186
123
875
489
768
544
741
684
906
602
986
567
5
338
553
195
706
220
166
411
356
243
886
68
268
581
99
456
41
31
540
683
200
650
124
230
685
74
568
388
336
100
160
516
235
298
493
708
521
270
422
152
822
269
75
849
656
754
629
531
255
977
126
558
739
277
746
712
357
2
141
525
245
178
129
350
225
890
789
173
992
964
773
682
101
471
444
213
794
882
38
949
180
555
677
191
484
996
425
864
912
661
812
933
300
720
776
988
772
352
760
652
799
830
188
910
125
980
700
895
601
723
781
370
252
496
449
563
127
281
935
292
945
663
330
201
224
309
385
648
970
373
899
474
10
469
311
315
813
104
458
719
632
691
639
733
579
580
927
495
598
37
218
67
953
608
35
206
780
810
749
556
72
87
518
310
258
117
351
736
658
541
50
462
6
887
331
354
151
925
873
619
714
175
880
758
643
376
909
36
363
704
801
530
870
951
457
517
153
337
366
732
616
855
510
936
57
743
409
416
480
189
659
405
701
149
19
369
993
246
226
917
779
823
433
21
18
526
118
955
329
879
692
976
707
306
106
995
853
383
165
969
415
278
8
586
361
227
103
698
715
3
841
58
816
878
358
132
559
467
463
533
756
423
932
730
212
170
545
513
507
612
88
902
569
209
838
271
297
233
666
709
924
907
827
697
291
834
442
404
954
947
313
7
610
670
646
284
631
348
39
164
441
179
393
710
946
585
724
466
326
274
64
254
266
347
17
817
915
427
334
1
240
232
323
572
282
960
660
885
807
163
234
806
79
575
504
959
177
345
552
757
27
314
680
236
974
868
623
564
989
43
237
957
157
328
940
636
360
392
312
892
302
842
903
985
737
453
454
617
136
176
244
900
815
774
722
146
665
982
82
984
792
808
379
742
167
717
169
107
211
295
614
784
829
280
290
464
93
944
769
78
747
317
529
788
662
675
961
928
319
645
26
256
647
346
98
615
913
908
53
492
228
465
967
651
867
613
447
187
275
783
321
726
196
83
30
621
499
451
402
73
322
139
296
396
397
718
399
378
583
637
695
242
728
335
408
446
826
562
192